0123456789
12354657887564534235465678754568574634576746352364754
2435768746352415364756375636521346524625264254656264352
46512435462546325264762526475865473624375487362437548657
36256437548736251326437548736251364754865736251326437548659756847
36754656352463547684753652414135463574685796854736254
635746857958647362514354657685768473624357468579680769584736574685767463
54765874635242546576587674635524365476587463522
46357468579685746352454657687985746352413435465768798574635241
3546576874635246576874635246576874635246576874362514
536475864736256475869847362514536475869758473625136475864736
52647586763523647586978547687457474574574574743352143546357468579684736
2564354254653122
46524652546
5246524657635246576635246576
35246545634352414354365476879086987876898879878796857465352413546352413